NAND2_1: 9.267670004183083
NAND2_2: 28.232336347521898
NAND2_3: 37.500002513386384
NAND2_4: 18.750004642192703
NAND2_5: 63.999994664981244
NAND2_6: 63.999994664981244
